ShootingResistance=0.850000
MeleeResistance=0.850000
