ShootingResistance=0.950000
MeleeResistance=0.950000
