ShootingResistance=0.750000
MeleeResistance=0.750000
