ShootingResistance=0.500000
MeleeResistance=0.500000
