ShootingResistance=0.050000
Flags=459778
Level=6
Town=4
isGhost=1
Sktransformer=367
Aging=1
GhostFraction=0.001000
