ShootingResistance=0.400000
MeleeResistance=0.300000
Level=0
